961
-4300 615
-4079 524
-4287 446
-4027 498
-4235 732
-4118 550
-4144 472
-4118 758
-4261 732
-4066 693
-4287 602
-4092 628
-4118 667
-4040 472
-4079 485
-3988 745
-4183 537
-3949 511
-4261 706
-4287 472
-4274 511
-4157 537
-4092 654
-4183 771
-4157 576
-4014 602
-4222 433
-4209 654
-4131 524
-4235 797
-3988 732
-4222 511
-4014 758
-4040 563
-4313 784
-4144 602
-4274 745
-4040 797
-4040 732
-4157 797
-4027 706
-4326 446
-4209 420
-4326 758
-4313 615
-4066 589
-4222 537
-4053 589
-4170 459
-4313 498
-4235 498
-4040 550
-4105 433
-4222 472
-4222 680
-3988 771
-4040 576
-4053 693
-4326 654
-4196 563
-4040 680
-4053 602
-4248 472
-4183 654
-4196 693
-4326 563
-4287 420
-4261 693
-4157 745
-4326 771
-4014 563
-4001 706
-3975 524
-4300 680
-4040 706
-4001 459
-4144 680
-4183 758
-4235 511
-3988 667
-4105 641
-4157 641
-3975 537
-4053 459
-4066 771
-4313 797
-4313 446
-4144 433
-4014 719
-4001 446
-4300 589
-4313 563
-4131 472
-4066 459
-4170 550
-3936 576
-3936 693
-3975 498
-4209 446
-4092 693
-4053 615
-4209 433
-4040 758
-4209 797
-4287 706
-4079 784
-3962 654
-4118 537
-4157 615
-4313 602
-4157 550
-4235 459
-4157 732
-4040 485
-4040 615
-4261 550
-4209 680
-3962 563
-4287 797
-4001 433
-4274 654
-3962 797
-3936 797
-4248 628
-3936 784
-4040 537
-4248 459
-4053 472
-4027 537
-4014 446
-4248 563
-4014 615
-4092 758
-4235 433
-4235 524
-4118 797
-4131 407
-4170 524
-4079 758
-4118 589
-4222 771
-4131 446
-4300 602
-4131 693
-4222 706
-4313 485
-3949 745
-4079 537
-4040 407
-4326 589
-4157 706
-4248 654
-4040 628
-4248 732
-4105 563
-3988 433
-4209 771
-4105 420
-3949 407
-4313 771
-4248 745
-4287 550
-3949 550
-4066 732
-4196 576
-4326 745
-4079 511
-3936 446
-4066 472
-4183 420
-4001 407
-3988 459
-4209 472
-3988 719
-4196 485
-4092 771
-4001 667
-4027 407
-4248 589
-4248 537
-4287 745
-4144 537
-4066 706
-4209 485
-4222 693
-3975 758
-4001 784
-4326 719
-4222 719
-4014 784
-4001 615
-4092 641
-3936 433
-4183 745
-4001 732
-4092 550
-4183 524
-4209 628
-4287 680
-4274 433
-3975 550
-4248 615
-4274 472
-3936 407
-4183 407
-4222 420
-4066 576
-4209 667
-4027 576
-4118 485
-4144 667
-4261 537
-3988 511
-4092 537
-4209 615
-4326 706
-4014 667
-4001 628
-4300 797
-4079 589
-4248 550
-4027 628
-4326 680
-4183 511
-4300 459
-4014 472
-4131 576
-3988 576
-3988 420
-3975 745
-4209 784
-4079 550
-4300 719
-4261 498
-4131 511
-4183 472
-4040 420
-3949 589
-4274 732
-4209 602
-4287 589
-4144 446
-4196 680
-3936 680
-4196 654
-4183 498
-4144 576
-4144 511
-4196 667
-3962 706
-4014 433
-4287 576
-4261 641
-4196 407
-4027 784
-4027 654
-4131 615
-4157 784
-3975 719
-4326 524
-4092 680
-4261 576
-4066 433
-3962 745
-3988 680
-4092 420
-3975 602
-4209 459
-4105 628
-3975 472
-4235 641
-4131 732
-4144 485
-4261 745
-3975 446
-4313 459
-4261 459
-4326 485
-4157 433
-4222 407
-4066 680
-4313 654
-4222 446
-3975 797
-4027 485
-4248 641
-3988 615
-4222 628
-4261 485
-4248 576
-4144 693
-4079 563
-3962 550
-3988 498
-4092 498
-4092 667
-4066 420
-4235 745
-4248 511
-4079 667
-3975 706
-4287 498
-4157 524
-4326 472
-4248 524
-4001 576
-4027 771
-4196 745
-4274 576
-4326 498
-4274 680
-4053 745
-4261 446
-4313 576
-4144 563
-4131 498
-4040 498
-4066 667
-4196 537
-4170 485
-4248 407
-3949 472
-4066 550
-4118 420
-4053 641
-4105 459
-4144 732
-3936 498
-4313 641
-4105 446
-3949 433
-4105 797
-4105 511
-4092 576
-3988 446
-4248 602
-4131 550
-4118 628
-4092 446
-4170 446
-4261 563
-4118 524
-4053 628
-4040 459
-4235 615
-4040 511
-4053 485
-4313 524
-4014 420
-4027 693
-3988 524
-4261 771
-4235 706
-4118 511
-4105 719
-4027 524
-4170 654
-4183 563
-4144 745
-4170 615
-4001 563
-4300 446
-4053 654
-4027 758
-4053 550
-4235 485
-4170 537
-4287 563
-4183 732
-4248 758
-4092 524
-4027 680
-3962 420
-4118 459
-4287 654
-4144 654
-4196 732
-4066 797
-3962 485
-4235 563
-4014 589
-3949 732
-4144 784
-4274 459
-4326 615
-4248 446
-4001 602
-4092 706
-4313 472
-4326 797
-3988 563
-4170 667
-4196 589
-4196 771
-4079 407
-3975 485
-3975 459
-4040 524
-4261 667
-4027 667
-4040 654
-4040 446
-4053 732
-3988 472
-4222 641
-4105 589
-4196 472
-4300 745
-4014 407
-4287 485
-4287 693
-4300 771
-4326 693
-4157 693
-4144 420
-4040 719
-4066 719
-4313 719
-3936 628
-4131 563
-4313 407
-4287 732
-4118 472
-4001 524
-4261 433
-3962 589
-4053 719
-4157 498
-4196 797
-3936 589
-4261 654
-3988 641
-4235 407
-3949 706
-4157 771
-3962 524
-4209 589
-4261 784
-4274 420
-4079 446
-4105 667
-4274 693
-4313 550
-4079 498
-4183 641
-4326 602
-4209 693
-4014 771
-4274 537
-4131 706
-4287 407
-4196 524
-4248 771
-4066 498
-4170 563
-4222 667
-4066 563
-4222 784
-4170 745
-3949 524
-4313 433
-4313 680
-4274 485
-4222 615
-4183 459
-4313 511
-4105 706
-3936 472
-4209 407
-4066 758
-4014 550
-4001 745
-4144 498
-4248 719
-4170 771
-3975 615
-4105 498
-4300 524
-4001 693
-4144 758
-4001 420
-4040 602
-4027 550
-4235 654
-3949 771
-4326 641
-4209 498
-3949 719
-4144 719
-4144 524
-3962 537
-4014 485
-4235 576
-4222 459
-4274 550
-3975 420
-4248 667
-4300 537
-4118 693
-4261 511
-4131 745
-3949 680
-4066 615
-4235 771
-3949 446
-4170 641
-4105 524
-4040 745
-4131 771
-4326 550
-4170 498
-4001 511
-4092 784
-4040 589
-4053 433
-4040 693
-3936 563
-4313 589
-3949 628
-4274 628
-4092 407
-4183 602
-4300 433
-4326 784
-4027 420
-3936 667
-4001 537
-3975 407
-4144 459
-4053 511
-3936 550
-3962 433
-4300 758
-4274 758
-3936 654
-4300 563
-4170 576
-4053 498
-4300 498
-4287 771
-4092 485
-4235 784
-4053 784
-3975 680
-4118 498
-4248 693
-4300 732
-4079 654
-4170 420
-4053 771
-4001 797
-4144 771
-4287 667
-4053 563
-4118 407
-4196 615
-3962 511
-4326 407
-4131 602
-4131 537
-4118 732
-4118 771
-4079 719
-4027 472
-3949 485
-4313 537
-4157 485
-4118 706
-4079 615
-4131 589
-4118 680
-4053 524
-4287 524
-3949 784
-4001 550
-4092 797
-3988 654
-4079 433
-4053 758
-4274 615
-4235 758
-4313 420
-4235 589
-4209 537
-4001 654
-3936 459
-4326 459
-4196 758
-4170 784
-4248 433
-4170 628
-3988 784
-4027 745
-3962 667
-4326 576
-4118 719
-3949 667
-4300 641
-4326 433
-3975 667
-3936 485
-4170 602
-3936 537
-3962 472
-3936 511
-4235 602
-4053 680
-4092 602
-3975 628
-4196 446
-4222 732
-4183 628
-4131 641
-4079 693
-4235 472
-4274 641
-4144 550
-4170 589
-3988 797
-4001 680
-3949 563
-4053 420
-4118 654
-4170 758
-3988 693
-4209 511
-4274 563
-4105 654
-4300 706
-4196 498
-4157 459
-4118 563
-4261 420
-4144 706
-4235 628
-4144 628
-3962 498
-4001 771
-4157 511
-4053 667
-4287 615
-4209 732
-3949 758
-4196 511
-4157 446
-4222 797
-3962 719
-4105 602
-4157 667
-4131 784
-4027 446
-4274 602
-4014 576
-4144 797
-4066 511
-4222 576
-4157 420
-4274 719
-4274 797
-4066 446
-4118 641
-4105 407
-3936 602
-4105 550
-3962 693
-4053 576
-4118 433
-4261 589
-4014 628
-4183 615
-4079 732
-3949 654
-4014 745
-4274 784
-3988 485
-4326 420
-4066 745
-4144 407
-4079 771
-4053 797
-4235 537
-4235 446
-4300 576
-3962 641
-4196 628
-4118 784
-3975 693
-4131 654
-4105 485
-4183 797
-4066 628
-4118 602
-4157 602
-4001 472
-4066 602
-3949 797
-4027 719
-4105 745
-4118 745
-3936 758
-4326 511
-4131 459
-4248 784
-4131 719
-4079 641
-4105 576
-3936 615
-3988 706
-4261 628
-4248 680
-4014 797
-4261 602
-4222 602
-4261 758
-4235 550
-4170 407
-4196 784
-4001 641
-4131 433
-4274 771
-3975 589
-4287 628
-4261 719
-4131 797
-4131 667
-4196 550
-4248 420
-4196 602
-3962 615
-3949 420
-4287 459
-3975 732
-4079 602
-3975 511
-4118 446
-3949 693
-4248 797
-3962 771
-4131 758
-4157 563
-4196 420
-4066 784
-4170 472
-4144 589
-3962 459
-4040 433
-3988 628
-4313 693
-3936 420
-4157 654
-4105 615
-4196 641
-4248 485
-4105 472
-4092 732
-4105 732
-3962 446
-4313 758
-4274 524
-4300 485
-4287 511
-4066 407
-4209 550
-4014 706
-4014 459
-3988 589
-3975 641
-4326 628
-4274 706
-4274 407
-4105 771
-4222 654
-4079 797
-4105 537
-4001 498
-4040 771
-4209 745
-4014 693
-4261 797
-4157 628
-4170 693
-4014 537
-4079 680
-4092 472
-4027 511
-4235 693
-4300 693
-4222 524
-4222 758
-4196 459
-4261 680
-3962 576
-4274 446
-3936 745
-4300 511
-4170 680
-4326 537
-4027 641
-4313 706
-4131 680
-4092 719
-4274 589
-3962 407
-4196 433
-3988 758
-3949 498
-4170 433
-4274 498
-3949 602
-4040 667
-4261 407
-3936 524
-4183 446
-3975 433
-4001 485
-4027 732
-4287 537
-4014 732
-4235 719
-4183 589
-4105 680
-4170 706
-3949 641
-4144 641
-4313 667
-4079 706
-4144 615
-3988 550
-4105 784
-4300 420
-4209 706
-4079 459
-4105 693
-4287 433
-4092 615
-4313 732
-4235 680
-4222 563
-4183 719
-4014 680
-4027 459
-4300 407
-3975 771
-4092 511
-4157 680
-3936 706
-4157 719
-3975 576
-4222 550
-4261 472
-4014 498
-3962 628
-4105 758
-4183 784
-4014 641
-3949 459
-3949 537
-3988 602
-4170 732
-4248 498
-4092 433
-4261 524
-4079 745
-4079 420
-4014 654
-4209 758
-4287 758
-3962 758
-4066 654
-4066 485
-4079 472
-4183 667
-4248 706
-4300 550
-4183 693
-4183 576
-4300 654
-4040 784
-4326 732
-3936 732
-3936 771
-4066 524
-4131 628
-4027 602
-4092 563
-3975 654
-4222 498
-3962 784
-4313 745
-4092 459
-4157 407
-4222 589
-3949 615
-3988 407
-4222 745
-4235 667
-4001 589
-4300 667
-4027 589
-4183 433
-4053 537
-4183 485
-4092 745
-4209 719
-4001 758
-4092 589
-4222 485
-4209 524
-4118 615
-4170 511
-4170 797
-4001 719
-4170 719
-4066 537
-4209 563
-4287 641
-4053 446
-4131 485
-4053 706
-4183 706
-3962 602
-3975 784
-3949 576
-4183 680
-4287 719
-4131 420
-3988 537
-4040 641
-3936 719
-4209 641
-4300 784
-3936 641
-4157 472
-4027 563
-4196 706
-4027 797
-4014 511
-4326 667
-4118 576
-4157 589
-4027 615
-4079 628
-4235 420
-4079 576
-4014 524
-4274 667
-4287 784
-4196 719
-4313 628
-4209 576
-4066 641
-4027 433
-3962 732
-4261 615
-4053 407
-4300 628
-4157 758
-3975 563
-4300 472
-3962 680
-4183 550